fsrasmse6000.jpg 190 211 241 277 718 195 784 241 642 195 681 224 596 190 632 222
frame12750.jpg 542 217 638 332 662 170 717 263
fsrasmse7500.jpg 194 251 288 416 73 223 158 281 512 213 543 236
fsrasmse36150.jpg 225 140 307 252 1 168 206 450 389 156 497 395 504 136 581 262 366 137 424 239 604 141 708 261 598 195 798 450
fsrasmse18300.jpg 480 222 604 365 307 199 338 251 246 191 271 236 177 217 236 298 643 230 760 303 730 231 797 308 613 211 648 261 573 209 618 259 464 198 494 228
frame6300.jpg 414 228 517 369 534 257 595 360 643 272 748 395
frame1350.jpg 57 226 78 245 149 233 164 251 629 150 663 179 599 158 626 195 573 131 592 157 482 98 490 110
frame2550.jpg 334 132 489 370 542 200 717 450 194 1 303 87
framse11100.jpg 169 194 276 328
frame1950.jpg 363 235 562 305 543 119 629 239 651 125 698 201 690 110 770 234
framse18750.jpg 197 157 247 241
framse17400.jpg 223 201 272 250
fsrasmse16950.jpg 318 240 416 396 234 228 277 307 86 246 199 406 298 207 321 248 203 218 234 263 625 199 659 224 450 191 462 203
framse18600.jpg 382 138 788 371
frame7950.jpg 177 90 371 281
fsramse2850.jpg 547 259 653 324 5 321 347 450
frame7500.jpg 82 273 196 317 264 218 297 259 362 207 384 235
fsrasmse18450.jpg 494 229 632 413 724 244 796 304 295 208 321 236 241 206 262 233 1 250 72 433 427 203 444 225
fsrasmse22200.jpg 429 288 462 336 604 269 621 284 375 272 387 287
frame2700.jpg 355 198 532 443
frame8100.jpg 630 177 781 301
fsrasmse17400.jpg 323 163 349 195 262 160 282 187 222 174 264 228 717 179 784 217 689 173 731 208 598 171 651 201 561 166 585 190
fsrasmse33450.jpg 276 157 296 188
fsrasmse5100.jpg 243 196 281 249 510 186 536 215 348 186 373 226
fsrasmse31650.jpg 452 262 774 450
fsrasmse14250.jpg 500 225 671 395 329 221 352 246
fsrasmse33600.jpg 313 174 326 191
frame1650.jpg 418 181 450 233 446 110 455 125
frame10650.jpg 422 239 565 387 475 38 505 77 318 72 348 124 215 30 243 61 57 170 181 261
fsramse1950.jpg 265 176 449 276
fsrasmse19950.jpg 357 204 398 266 544 200 575 229 674 204 740 255 526 194 550 219 153 205 209 273 271 187 285 202
frame8400.jpg 338 175 424 305
fsrasmse17100.jpg 307 219 404 375 257 206 307 288 77 218 180 351 225 193 255 237 635 194 682 227 611 186 640 215
framse3600.jpg 298 360 377 449 61 373 180 450
fsrasmse10050.jpg 604 169 723 274 733 203 800 281 720 168 797 214 549 136 636 208 419 133 464 200 358 130 412 208 192 179 346 435 137 176 216 320 1 164 98 328 84 149 136 208
fsrasmse31500.jpg 297 100 314 123
framse5100.jpg 541 286 725 447 479 281 528 344 393 278 433 331
fsrasmse8100.jpg 158 213 231 304
fsrasmse17250.jpg 260 237 358 385 216 185 262 267 447 173 465 194 433 168 443 184
framse12000.jpg 255 207 291 250 55 204 173 316
fsrasmse150.jpg 258 220 282 256 597 230 637 264 746 244 800 284
fsrasmse34050.jpg 351 198 402 278 331 188 348 215 308 186 325 214
frame6600.jpg 434 149 487 239 491 131 542 217 536 109 553 150 556 111 591 152 646 98 678 124 688 87 705 121
fsrasmse34200.jpg 367 221 457 339 317 205 335 225 291 210 309 234 255 209 274 230
fsrasmse34800.jpg 401 224 503 357 244 188 329 350 193 187 245 261 330 171 352 200 159 182 187 212
fsrasmse300.jpg 214 213 254 269 1 245 205 450
fsrasmse26100.jpg 251 213 275 245
frame7650.jpg 421 179 475 255
frame5250.jpg 150 230 288 430 243 204 343 354 405 247 485 354 462 248 631 447 616 206 683 319
fsramse2100.jpg 404 181 495 260 484 177 608 257 630 194 800 291
frame10050.jpg 641 159 751 254
fsrasmse20700.jpg 261 189 289 233 315 172 327 191 303 172 312 185 289 174 297 181 627 179 673 210 558 175 588 206 505 177 527 196 463 174 474 188
frame9750.jpg 625 164 692 241
fsrasmse32100.jpg 367 165 391 190 278 160 291 177 220 169 236 190
frame16200.jpg 295 223 481 377
fsrasmse1650.jpg 702 268 800 368 425 241 474 296 381 229 410 278 353 227 377 262 333 224 350 253 182 257 244 359 1 247 129 374
fsrasmse31950.jpg 373 174 404 211 649 179 706 223
frame13050.jpg 357 209 456 336 232 43 270 86
frame7800.jpg 630 285 795 445
fsrasmse36900.jpg 621 185 725 256 565 177 592 208 541 176 561 194 472 171 487 186 137 184 202 254 282 168 296 187
fsrasmse22050.jpg 380 220 414 268 641 203 677 230 569 200 586 227 485 199 502 215 218 227 258 282
fsramse1350.jpg 377 208 446 279 322 209 398 276 1 268 206 423
fsramse3000.jpg 410 220 531 285 24 229 125 304 624 234 687 277 236 213 308 264
fsrasmse30600.jpg 363 195 383 217 403 193 422 210
framse1950.jpg 206 321 281 432 142 287 178 349 1 238 91 343
fsramse1800.jpg 252 198 474 320 518 210 612 267 752 217 800 257 641 202 733 249 602 208 658 251 216 217 256 268
framse13500.jpg 195 314 385 433
fsrasmse5400.jpg 284 193 317 238 501 181 521 198 578 189 609 213
frame2400.jpg 548 162 567 181 11 330 85 385 511 145 519 158 526 151 535 163
fsrasmse5250.jpg 292 183 315 217 179 197 224 252 1 259 140 445 673 168 735 216
fsrasmse22350.jpg 384 215 401 238 636 198 673 224 287 226 308 252 238 237 267 273 264 221 281 242
fsramse1050.jpg 617 201 800 315 291 199 436 290 424 201 490 268 69 187 175 260
framse600.jpg 400 181 435 231 367 166 383 192
frame12900.jpg 516 203 545 233 336 231 372 288 188 264 261 359
fsrasmse34350.jpg 522 230 799 450 292 165 346 237 159 182 281 384 113 158 176 248 1 156 53 245
framse1800.jpg 92 307 272 446 1 268 113 397
fsrasmse33300.jpg 272 163 292 190 571 264 800 436
fsrasmse36750.jpg 386 211 513 383 543 192 581 230 608 196 646 234 144 193 211 277 253 180 276 217
frame13650.jpg 341 202 412 312 220 142 256 188
fsrasmse15000.jpg 366 214 423 317 332 204 349 225
frame10950.jpg 160 267 296 395 661 183 674 205 637 175 648 190
fsrasmse900.jpg 297 211 333 274 351 203 370 231 214 208 242 247 455 206 474 228
frame4050.jpg 213 170 259 241 383 167 421 200 489 146 518 180
fsrasmse36000.jpg 264 130 376 294 1 109 164 335 561 161 800 444 354 129 498 386
frame2100.jpg 314 135 576 337 58 69 184 235
fsrasmse600.jpg 317 214 362 280 280 205 316 255
frame8700.jpg 620 195 700 308 357 149 414 224 337 102 370 155 325 100 344 130 13 121 60 186
fsrasmse36300.jpg 376 166 453 264 313 153 334 177 270 164 320 241 240 150 259 179 194 166 232 223 165 153 200 203 50 174 142 284
frame10500.jpg 471 282 577 409 627 218 684 296 257 185 301 224 1 296 96 366
fsrasmse32550.jpg 288 190 330 268
frame16500.jpg 117 108 366 443
fsrasmse31200.jpg 507 172 533 200 489 174 508 191
framse8400.jpg 287 267 353 362
fsramse600.jpg 475 182 702 345 324 175 516 306 187 150 372 254
fsrasmse32250.jpg 2 175 107 274
fsrasmse5700.jpg 129 203 241 366
fsrasmse33900.jpg 535 175 663 287 420 155 433 176 434 155 449 174 280 153 291 168
frame8550.jpg 461 258 504 299 180 388 276 450 85 338 158 439 360 165 372 187 377 170 389 185
framse750.jpg 502 237 689 449 176 181 231 218
frame4800.jpg 380 274 444 326
framse1350.jpg 382 336 446 442 306 309 349 357
fsrasmse16800.jpg 187 164 219 206 239 161 276 225 280 157 297 189 326 161 349 194 363 158 384 190 312 155 327 181
fsrasmse18150.jpg 477 171 568 259 235 185 307 297 1 243 161 448 70 173 130 228 192 164 212 195
fsrasmse35250.jpg 272 173 300 208 151 185 207 265 309 170 325 195
fsrasmse23100.jpg 133 204 172 246 246 210 285 263 291 192 311 227 541 187 565 210 456 185 472 199
frame4200.jpg 211 194 313 399 55 154 148 301
fsrasmse33750.jpg 323 166 332 178
frame5850.jpg 471 280 611 442 648 211 721 322
fsrasmse34650.jpg 314 128 394 251 450 153 621 373 600 136 800 322 387 123 424 174 218 110 277 211 160 114 213 197 70 117 137 194
fsrasmse10350.jpg 342 196 377 240 508 189 557 239 323 185 342 206 309 183 320 202 292 179 303 196 768 193 800 227 570 186 592 200 585 282 800 448
fsrasmse35400.jpg 349 206 364 228 310 207 325 229 281 204 294 230 138 222 211 327
fsrasmse23400.jpg 263 206 315 304 494 187 514 207 193 199 240 268
fsrasmse31800.jpg 406 77 452 140 617 91 658 127 521 84 544 106 494 80 521 102 201 67 222 92
frame16800.jpg 317 149 427 334
frame1050.jpg 184 265 218 310 146 269 176 306
frame2250.jpg 229 181 420 391 687 177 800 384 19 261 161 449
frame3000.jpg 409 151 641 448
frame12150.jpg 607 217 678 317
fsrasmse20550.jpg 259 197 316 298 412 195 432 226 445 191 458 210
frame5400.jpg 364 287 445 404 311 183 369 263 473 171 516 247
fsrasmse8850.jpg 132 213 191 283 768 233 800 274
frame13200.jpg 697 211 783 330 84 240 99 261 572 72 580 85
fsramse1650.jpg 176 188 404 307
frame7200.jpg 342 89 372 130 443 186 504 276 586 233 659 343 753 304 800 407
framse3750.jpg 291 287 340 340 280 281 295 305
framse1200.jpg 271 218 350 314 487 236 594 363
fsrasmse32850.jpg 402 169 437 214
fsrasmse750.jpg 354 224 392 284 247 221 285 280 339 207 352 229 285 208 300 231
frame6900.jpg 361 198 404 262 446 219 517 310 548 197 583 251 300 256 368 365 241 209 307 290 639 316 731 426
frame3900.jpg 631 179 673 212 247 210 409 360 164 198 205 289 703 164 749 216
frame1200.jpg 378 236 425 309 411 148 436 181 320 165 353 208
fsrasmse30900.jpg 434 221 445 234 605 216 624 233
fsrasmse10500.jpg 387 170 469 306 654 184 700 214 620 180 656 201
frame7350.jpg 456 299 582 423 616 258 687 338 675 292 753 416 741 188 777 231 83 240 106 264 1 388 87 450
fsrasmse22950.jpg 215 218 251 275 277 198 304 228 563 189 617 233 517 186 541 210 15 222 76 286 400 188 413 202
fsrasmse22500.jpg 296 193 314 216 730 218 800 260
frame16350.jpg 153 180 310 366
frame2850.jpg 584 266 649 376 574 174 595 197
framse18450.jpg 446 109 540 245
framse16950.jpg 361 236 403 287 202 181 270 227 302 206 330 232 474 250 508 279 745 313 780 348 184 177 221 207
frame10350.jpg 523 182 596 245 458 170 495 218 95 131 122 174 59 139 87 182 186 130 206 157
framse5250.jpg 151 209 237 314
frame6450.jpg 428 248 543 435 523 184 635 344 652 146 707 226 407 149 484 260
fsrasmse36600.jpg 161 181 214 260 272 172 288 202 468 175 494 207 513 180 542 209
framse11400.jpg 241 188 295 258
frame3750.jpg 215 227 369 368 665 179 708 230
frame16050.jpg 136 184 368 450
fsramse1200.jpg 96 197 206 263
fsrasmse33150.jpg 275 147 287 168 292 146 302 161 698 168 772 220
fsramse3150.jpg 193 254 331 320 436 251 619 341 660 265 778 331 6 240 95 308
fsrasmse30450.jpg 290 190 315 227 377 190 400 216 215 184 230 207 678 195 767 254 742 196 798 246 531 186 569 219 449 184 465 201 431 180 446 196
frame1800.jpg 494 202 616 281 28 200 53 228 134 198 151 219 616 25 630 40
fsrasmse8400.jpg 14 211 201 447 1 191 36 290 685 198 747 241 657 196 695 224
fsrasmse35850.jpg 390 90 460 176 703 100 771 144 519 84 540 109 253 85 319 183 212 79 262 161 88 83 185 245
fsramse2550.jpg 385 215 533 289 188 215 331 299 128 196 190 239 11 192 74 235
framse8700.jpg 187 249 253 315
fsrasmse33000.jpg 348 154 365 174
fsrasmse35550.jpg 401 217 449 290 236 219 272 269 159 203 183 227
fsrasmse32700.jpg 295 158 314 182 325 155 341 177 506 154 529 175 237 160 258 182
fsrasmse20400.jpg 332 209 357 249 482 207 505 229 596 215 649 257 451 204 468 219 294 200 311 225
fsrasmse10200.jpg 416 199 462 262 462 189 491 224 347 189 373 222 332 179 351 209 295 200 321 230 314 182 330 201
fsrasmse34500.jpg 232 103 333 254 361 79 458 241 460 80 566 210 538 110 800 447 1 111 137 450
fsrasmse22650.jpg 358 177 387 220 344 164 358 182
fsramse3300.jpg 180 222 317 295 356 220 479 294 582 231 655 285
fsrasmse23250.jpg 701 178 800 280 223 225 273 292 502 177 523 197 483 178 497 191 451 177 462 191
frame3600.jpg 176 271 529 412
fsrasmse1500.jpg 237 213 297 307 31 227 188 436 597 229 634 259 637 233 683 260
fsrasmse1350.jpg 562 214 609 254 349 201 389 256 291 196 314 229 75 213 208 379 191 198 212 226 738 231 800 276 545 200 566 225
frame5100.jpg 21 357 144 443 524 369 633 450 701 207 732 248 665 187 692 220 551 136 562 155
frame13800.jpg 388 131 476 263
frame8850.jpg 568 219 623 297 334 291 468 425 473 146 494 170
fsrasmse16650.jpg 275 186 360 307 157 203 231 313
framse1050.jpg 258 343 383 450 170 276 193 308
framse8550.jpg 500 202 602 340
fsrasmse31350.jpg 254 212 271 231 448 210 464 224 616 216 658 249
fsrasmse5550.jpg 261 204 300 271 673 197 731 237
frame1500.jpg 337 238 496 359 631 184 680 270 458 117 481 145 51 198 69 225
frame14100.jpg 297 231 402 358 570 154 597 179 768 157 777 168
fsrasmse36450.jpg 301 155 340 205 182 158 235 227
fsrasmse31050.jpg 2 216 103 307
frame13500.jpg 688 134 726 184
framse900.jpg 301 299 379 425
fsramse1500.jpg 27 177 137 266 109 179 209 254
fsrasmse35100.jpg 304 188 341 242 259 182 289 236 130 191 201 276
frame7050.jpg 329 163 362 222 356 205 399 277 731 336 800 449 454 161 489 207
fsrasmse30750.jpg 443 195 467 228 379 198 412 227 192 235 264 315 322 194 338 211
fsrasmse24900.jpg 548 195 623 253 631 187 678 221
framse5400.jpg 290 157 428 344 620 105 775 310
fsrasmse32400.jpg 634 163 700 211 505 157 541 187
fsrasmse1200.jpg 293 237 386 362 207 212 266 294 174 205 197 238 678 238 780 303 619 233 683 275 565 227 610 255
frame13950.jpg 254 226 412 361
fsrasmse15750.jpg 480 218 627 379 625 203 694 250
fsrasmse35700.jpg 208 228 254 297 293 218 312 246
frame9900.jpg 569 222 649 326 409 105 423 122
fsrasmse22800.jpg 256 209 287 257 289 195 310 221 12 218 89 288
frame6750.jpg 296 180 358 295 366 200 425 294 538 222 620 278 631 184 707 271
fsrasmse30300.jpg 101 203 228 359 634 201 683 243 736 218 800 264
fsrasmse450.jpg 238 216 317 324 125 206 207 310
fsrasmse34950.jpg 373 195 421 259 293 189 335 253 251 181 283 229 163 191 243 306 102 186 150 239
fsrasmse1050.jpg 320 213 364 271 421 236 534 384
fsramse900.jpg 1 264 197 425
